Damping  =       0.0050000
L0       =       1.9955511
g        =       9.8000000
ks       =     280.0000000
dt       =       0.0000100
driver_f =      14.0000000
T        =       0.4487990
M0       =       0.0330000
M1       =       0.0330000
M2       =       0.0330000
X0x      =       1.6625271
X0y      =       0.0000000
X0z      =       0.0000000
V0x      =       0.0000000
V0y      =       0.0000000
V0z      =      23.2753792
X1x      =      -0.0756078
X1y      =      -0.4673095
X1z      =      -0.0225564
V1x      =       0.3157896
V1y      =       0.0000000
V1z      =      -1.0585099
X2x      =       0.0950962
X2y      =      -0.5567480
X2z      =       0.0309309
V2x      =      -0.4330324
V2y      =       0.0000000
V2z      =       1.3313463
