Damping  =       0.0050000
L0       =       0.6064928
g        =       9.8000000
ks       =     280.0000000
dt       =       0.0000100
driver_f =      14.0000000
T        =       0.4487990
M0       =       0.0330000
M1       =       0.0330000
M2       =       0.0330000
X0x      =       0.1181606
X0y      =       0.0000000
X0z      =       0.0000000
V0x      =       0.0000000
V0y      =       0.0000000
V0z      =       1.6542485
X1x      =       0.2575402
X1y      =      -0.1221390
X1z      =      -0.0001697
V1x      =       0.0023753
V1y      =       0.0000000
V1z      =       3.6055634
X2x      =       0.1431317
X2y      =      -0.2619555
X2z      =      -0.0079083
V2x      =       0.1107165
V2y      =       0.0000000
V2z      =       2.0038437
