Damping = 0.000000
L0      = 0.609974
g       = 9.800000
ks      = 28000.000000
M0      = 0.031880
M1      = 0.031880
M2      = 0.031880
X0x     = 0.000000
X0y     = 0.000000
X0z     = 0.000000
V0x     = 0.000000
V0y     = 0.000000
V0z     = 0.000000
X1x     = 0.159561
X1y     = -0.276369
X1z     = 0.000000
V1x     = 0.000000
V1y     = 0.000000
V1z     = 2.249603
X2x     = -0.102632
X2y     = -0.402322
X2z     = 0.000000
V2x     = 0.000000
V2y     = 0.000000
V2z     = -1.446969
