T            = 0.721512
T_cos_theta2 = 0.312424
m2g          = 0.312424
m1g          = 0.312424
T_cos_theta1 = 0.624848
FT1          = -0.000000
FT2          = -0.000000
NT1          = 1.011119
NT2          = 0.650362
mvr1         = -0.256253
mvr2         = 1.917734
